alpha=2.500000
beta=0.010000
ntopics=10
ndocs=5
nwords=15
liter=4
